1 2623 (0) 6 : 0.761 0.239
2 5562 (7) 6 : 0.893 0.107
3 9538 (0) 7 : 0.884 0.116
4 9539 (0) 7 : 0.728 0.272
5 9541 (0) 7 : 0.949 0.051
6 13843 (0) 2 : 0.941 0.059
7 34024 (0) 3 : 0.098 0.902
8 45948 (0) 3 : 0.049 0.951
9 51018 (0) 3 : 0.195 0.805
10 51021 (0) 3 : 0.562 0.438
11 51022 (0) 3 : 0.263 0.737
12 51039 (0) 3 : 0.217 0.783
13 51040 (0) 3 : 0.732 0.268
14 51041 (0) 3 : 0.119 0.881
15 51066 (0) 3 : 0.325 0.675
16 51067 (0) 3 : 0.793 0.207
17 51068 (0) 3 : 0.324 0.676
18 51069 (7) 3 : 0.195 0.805
19 51070 (0) 3 : 0.763 0.237
20 51071 (0) 3 : 0.193 0.807
21 51072 (0) 3 : 0.526 0.474
22 51073 (0) 3 : 0.089 0.911
23 51074 (0) 3 : 0.574 0.426
24 51075 (0) 3 : 0.084 0.916
25 51076 (0) 3 : 0.326 0.674
26 51077 (0) 3 : 0.317 0.683
27 51087 (0) 3 : 0.201 0.799
28 51092 (0) 3 : 0.274 0.726
29 53753 (0) 5 : 0.624 0.376
30 53946 (0) 3 : 0.389 0.611
31 53952 (0) 3 : 0.711 0.289
32 55189 (0) 3 : 0.883 0.117
33 55190 (0) 3 : 0.611 0.389
34 55202 (0) 3 : 0.226 0.774
35 55203 (0) 3 : 0.422 0.578
36 55204 (0) 3 : 0.362 0.638
37 55205 (0) 3 : 0.779 0.221
38 55249 (0) 3 : 0.239 0.761
39 55250 (0) 3 : 0.22 0.78
40 55252 (0) 3 : 0.078 0.922
41 55253 (0) 3 : 0.487 0.513
42 61428 (0) 3 : 0.083 0.917
43 61429 (0) 3 : 0.177 0.823
44 61430 (0) 3 : 0.463 0.537
45 61442 (0) 3 : 0.13 0.87
46 61443 (7) 3 : 0.471 0.529
47 67596 (14) 5 : 0.41 0.59
48 71009 (0) 3 : 0.742 0.258
49 71010 (0) 3 : 0.049 0.951
50 71011 (0) 3 : 0.445 0.555
51 71012 (0) 3 : 0.072 0.928
52 71013 (0) 3 : 0.178 0.822
53 71019 (0) 3 : 0.288 0.712
54 75651 (0) 3 : 0.758 0.242
55 75652 (0) 3 : 0.682 0.318
56 75653 (0) 3 : 0.399 0.601
57 75667 (0) 3 : 0.182 0.818
58 78742 (0) 3 : 0.053 0.947
59 78758 (0) 3 : 0.057 0.943
60 78826 (0) 3 : 0.462 0.538
61 78827 (0) 3 : 0.488 0.512
62 79982 (0) 3 : 0.191 0.809
63 79998 (0) 3 : 0.246 0.754
64 88612 (0) 3 : 0.181 0.819
65 92252 (0) 3 : 0.746 0.254
66 92257 (0) 3 : 0.793 0.207
67 92259 (0) 3 : 0.069 0.931
68 102380 (7) 4 : 0.313 0.687
69 102381 (0) 4 : 0.41 0.59
70 102382 (0) 4 : 0.706 0.294
71 102383 (0) 4 : 0.629 0.371
72 102384 (7) 4 : 0.535 0.465
73 102385 (0) 4 : 0.878 0.122
74 102386 (0) 4 : 0.482 0.518
75 102387 (7) 4 : 0.157 0.843
76 102388 (0) 4 : 0.167 0.833
77 102389 (0) 4 : 0.167 0.833
78 102390 (7) 4 : 0.564 0.436
79 102391 (0) 4 : 0.157 0.843
80 102392 (0) 4 : 0.426 0.574
81 102394 (0) 4 : 0.306 0.694
82 102395 (0) 4 : 0.387 0.613
83 102396 (7) 4 : 0.169 0.831
84 102397 (0) 4 : 0.817 0.183
85 102398 (0) 4 : 0.433 0.567
86 102399 (7) 4 : 0.172 0.828
87 102400 (0) 4 : 0.086 0.914
88 102401 (0) 4 : 0.544 0.456
89 102402 (0) 4 : 0.591 0.409
90 102403 (0) 4 : 0.17 0.83
91 102404 (0) 4 : 0.228 0.772
92 102405 (0) 4 : 0.889 0.111
93 102406 (0) 4 : 0.615 0.385
94 102422 (0) 4 : 0.751 0.249
95 102423 (0) 4 : 0.202 0.798
96 102424 (0) 4 : 0.423 0.577
97 102425 (0) 4 : 0.173 0.827
98 102427 (0) 4 : 0.125 0.875
99 102428 (0) 4 : 0.145 0.855
100 102429 (0) 4 : 0.14 0.86
101 102482 (7) 3 : 0.144 0.856
102 103984 (0) 3 : 0.57 0.43
103 103985 (0) 3 : 0.155 0.845
104 103986 (0) 3 : 0.761 0.239
105 104021 (0) 3 : 0.391 0.609
106 104022 (0) 3 : 0.348 0.652
107 104035 (0) 1 : 0.944 0.056
108 104066 (0) 1 : 0.972 0.028
109 104067 (0) 1 : 0.96 0.04
110 104070 (0) 1 : 0.937 0.063
111 107857 (0) 3 : 0.078 0.922
112 107859 (7) 3 : 0.135 0.865
113 108172 (0) 1 : 0.958 0.042
114 108183 (0) 1 : 0.41 0.59
115 108207 (0) 1 : 0.974 0.026
116 108208 (0) 1 : 0.94 0.06
117 113578 (0) 3 : 0.067 0.933
118 113652 (0) 3 : 0.413 0.587
119 114559 (7) 3 : 0.747 0.253
120 114560 (7) 3 : 0.59 0.41
121 114561 (0) 3 : 0.171 0.829
122 114562 (0) 3 : 0.556 0.444
123 114563 (0) 3 : 0.098 0.902
124 114941 (0) 4 : 0.732 0.268
125 114942 (0) 4 : 0.139 0.861
126 114943 (0) 4 : 0.685 0.315
127 114944 (0) 4 : 0.699 0.301
128 114958 (0) 4 : 0.226 0.774
129 114961 (0) 4 : 0.084 0.916
130 114962 (0) 4 : 0.256 0.744
131 116858 (0) 1 : 0.942 0.058
132 116866 (0) 1 : 0.918 0.082
133 116867 (0) 1 : 0.945 0.055
134 116868 (7) 1 : 0.928 0.072
135 116869 (7) 1 : 0.968 0.032
136 116881 (0) 1 : 0.864 0.136
137 123357 (7) 4 : 0.595 0.405
138 123358 (0) 4 : 0.253 0.747
139 123359 (0) 4 : 0.545 0.455
140 123364 (0) 4 : 0.387 0.613
141 123365 (7) 4 : 0.435 0.565
142 123366 (0) 4 : 0.298 0.702
143 123372 (0) 4 : 0.793 0.207
144 123373 (0) 4 : 0.863 0.137
145 123374 (0) 4 : 0.119 0.881
146 123376 (14) 3 : 0.297 0.703
147 123377 (0) 4 : 0.498 0.502
148 123380 (0) 4 : 0.763 0.237
149 133152 (0) 3 : 0.603 0.397
150 133153 (0) 3 : 0.884 0.116
151 133157 (0) 3 : 0.328 0.672
152 133158 (0) 3 : 0.284 0.716
153 133159 (0) 3 : 0.185 0.815
154 133162 (0) 3 : 0.305 0.695
155 133163 (0) 3 : 0.796 0.204
156 133164 (0) 3 : 0.749 0.251
157 133165 (0) 3 : 0.275 0.725
158 133166 (0) 3 : 0.648 0.352
159 133167 (0) 3 : 0.287 0.713
160 133181 (0) 3 : 0.116 0.884
161 133182 (0) 3 : 0.501 0.499
162 133183 (0) 3 : 0.182 0.818
163 133184 (0) 3 : 0.263 0.737
164 133185 (0) 3 : 0.347 0.653
165 133186 (0) 3 : 0.184 0.816
166 133193 (0) 3 : 0.309 0.691
1 2623 (0) 6 : 0.752 0.248
2 5562 (7) 6 : 0.879 0.121
3 9538 (0) 7 : 0.873 0.127
4 9539 (0) 7 : 0.732 0.268
5 9541 (0) 7 : 0.944 0.056
6 13843 (0) 2 : 0.938 0.062
7 34024 (0) 3 : 0.117 0.883
8 45948 (0) 3 : 0.054 0.946
9 51018 (0) 3 : 0.214 0.786
10 51021 (0) 3 : 0.544 0.456
11 51022 (0) 3 : 0.276 0.724
12 51039 (0) 3 : 0.23 0.77
13 51040 (0) 3 : 0.713 0.287
14 51041 (0) 3 : 0.128 0.872
15 51066 (0) 3 : 0.34 0.66
16 51067 (0) 3 : 0.787 0.213
17 51068 (0) 3 : 0.33 0.67
18 51069 (7) 3 : 0.198 0.802
19 51070 (0) 3 : 0.748 0.252
20 51071 (0) 3 : 0.19 0.81
21 51072 (0) 3 : 0.514 0.486
22 51073 (0) 3 : 0.099 0.901
23 51074 (0) 3 : 0.579 0.421
24 51075 (0) 3 : 0.091 0.909
25 51076 (0) 3 : 0.331 0.669
26 51077 (0) 3 : 0.31 0.69
27 51087 (0) 3 : 0.213 0.787
28 51092 (0) 3 : 0.278 0.722
29 53753 (0) 5 : 0.624 0.376
30 53946 (0) 3 : 0.379 0.621
31 53952 (0) 3 : 0.716 0.284
32 55189 (0) 3 : 0.878 0.122
33 55190 (0) 3 : 0.614 0.386
34 55202 (0) 3 : 0.245 0.755
35 55203 (0) 3 : 0.428 0.572
36 55204 (0) 3 : 0.385 0.615
37 55205 (0) 3 : 0.763 0.237
38 55249 (0) 3 : 0.238 0.762
39 55250 (0) 3 : 0.227 0.773
40 55252 (0) 3 : 0.089 0.911
41 55253 (0) 3 : 0.498 0.502
42 61428 (0) 3 : 0.089 0.911
43 61429 (0) 3 : 0.193 0.807
44 61430 (0) 3 : 0.472 0.528
45 61442 (0) 3 : 0.143 0.857
46 61443 (7) 3 : 0.492 0.508
47 67596 (14) 5 : 0.422 0.578
48 71009 (0) 3 : 0.74 0.26
49 71010 (0) 3 : 0.054 0.946
50 71011 (0) 3 : 0.446 0.554
51 71012 (0) 3 : 0.077 0.923
52 71013 (0) 3 : 0.196 0.804
53 71019 (0) 3 : 0.307 0.693
54 75651 (0) 3 : 0.753 0.247
55 75652 (0) 3 : 0.66 0.34
56 75653 (0) 3 : 0.404 0.596
57 75667 (0) 3 : 0.184 0.816
58 78742 (0) 3 : 0.056 0.944
59 78758 (0) 3 : 0.062 0.938
60 78826 (0) 3 : 0.454 0.546
61 78827 (0) 3 : 0.469 0.531
62 79982 (0) 3 : 0.211 0.789
63 79998 (0) 3 : 0.254 0.746
64 88612 (0) 3 : 0.198 0.802
65 92252 (0) 3 : 0.742 0.258
66 92257 (0) 3 : 0.8 0.2
67 92259 (0) 3 : 0.072 0.928
68 102380 (7) 4 : 0.322 0.678
69 102381 (0) 4 : 0.398 0.602
70 102382 (0) 4 : 0.683 0.317
71 102383 (0) 4 : 0.607 0.393
72 102384 (7) 4 : 0.539 0.461
73 102385 (0) 4 : 0.87 0.13
74 102386 (0) 4 : 0.471 0.529
75 102387 (7) 4 : 0.17 0.83
76 102388 (0) 4 : 0.164 0.836
77 102389 (0) 4 : 0.164 0.836
78 102390 (7) 4 : 0.574 0.426
79 102391 (0) 4 : 0.169 0.831
80 102392 (0) 4 : 0.41 0.59
81 102394 (0) 4 : 0.307 0.693
82 102395 (0) 4 : 0.376 0.624
83 102396 (7) 4 : 0.18 0.82
84 102397 (0) 4 : 0.803 0.197
85 102398 (0) 4 : 0.443 0.557
86 102399 (7) 4 : 0.184 0.816
87 102400 (0) 4 : 0.097 0.903
88 102401 (0) 4 : 0.541 0.459
89 102402 (0) 4 : 0.568 0.432
90 102403 (0) 4 : 0.185 0.815
91 102404 (0) 4 : 0.251 0.749
92 102405 (0) 4 : 0.889 0.111
93 102406 (0) 4 : 0.624 0.376
94 102422 (0) 4 : 0.761 0.239
95 102423 (0) 4 : 0.206 0.794
96 102424 (0) 4 : 0.415 0.585
97 102425 (0) 4 : 0.186 0.814
98 102427 (0) 4 : 0.131 0.869
99 102428 (0) 4 : 0.164 0.836
100 102429 (0) 4 : 0.152 0.848
101 102482 (7) 3 : 0.169 0.831
102 103984 (0) 3 : 0.582 0.418
103 103985 (0) 3 : 0.164 0.836
104 103986 (0) 3 : 0.752 0.248
105 104021 (0) 3 : 0.392 0.608
106 104022 (0) 3 : 0.357 0.643
107 104035 (0) 1 : 0.936 0.064
108 104066 (0) 1 : 0.967 0.033
109 104067 (0) 1 : 0.955 0.045
110 104070 (0) 1 : 0.926 0.074
111 107857 (0) 3 : 0.085 0.915
112 107859 (7) 3 : 0.141 0.859
113 108172 (0) 1 : 0.952 0.048
114 108183 (0) 1 : 0.432 0.568
115 108207 (0) 1 : 0.97 0.03
116 108208 (0) 1 : 0.936 0.064
117 113578 (0) 3 : 0.07 0.93
118 113652 (0) 3 : 0.437 0.563
119 114559 (7) 3 : 0.745 0.255
120 114560 (7) 3 : 0.617 0.383
121 114561 (0) 3 : 0.18 0.82
122 114562 (0) 3 : 0.559 0.441
123 114563 (0) 3 : 0.117 0.883
124 114941 (0) 4 : 0.717 0.283
125 114942 (0) 4 : 0.147 0.853
126 114943 (0) 4 : 0.686 0.314
127 114944 (0) 4 : 0.683 0.317
128 114958 (0) 4 : 0.24 0.76
129 114961 (0) 4 : 0.091 0.909
130 114962 (0) 4 : 0.283 0.717
131 116858 (0) 1 : 0.936 0.064
132 116866 (0) 1 : 0.908 0.092
133 116867 (0) 1 : 0.941 0.059
134 116868 (7) 1 : 0.923 0.077
135 116869 (7) 1 : 0.963 0.037
136 116881 (0) 1 : 0.843 0.157
137 123357 (7) 4 : 0.594 0.406
138 123358 (0) 4 : 0.237 0.763
139 123359 (0) 4 : 0.526 0.474
140 123364 (0) 4 : 0.38 0.62
141 123365 (7) 4 : 0.461 0.539
142 123366 (0) 4 : 0.305 0.695
143 123372 (0) 4 : 0.781 0.219
144 123373 (0) 4 : 0.863 0.137
145 123374 (0) 4 : 0.134 0.866
146 123376 (14) 3 : 0.301 0.699
147 123377 (0) 4 : 0.526 0.474
148 123380 (0) 4 : 0.763 0.237
149 133152 (0) 3 : 0.584 0.416
150 133153 (0) 3 : 0.882 0.118
151 133157 (0) 3 : 0.351 0.649
152 133158 (0) 3 : 0.314 0.686
153 133159 (0) 3 : 0.203 0.797
154 133162 (0) 3 : 0.3 0.7
155 133163 (0) 3 : 0.794 0.206
156 133164 (0) 3 : 0.742 0.258
157 133165 (0) 3 : 0.285 0.715
158 133166 (0) 3 : 0.661 0.339
159 133167 (0) 3 : 0.281 0.719
160 133181 (0) 3 : 0.121 0.879
161 133182 (0) 3 : 0.511 0.489
162 133183 (0) 3 : 0.175 0.825
163 133184 (0) 3 : 0.284 0.716
164 133185 (0) 3 : 0.347 0.653
165 133186 (0) 3 : 0.188 0.812
166 133193 (0) 3 : 0.296 0.704
1 2623 (0) 6 : 0.739 0.261
2 5562 (7) 6 : 0.828 0.172
3 9538 (0) 7 : 0.841 0.159
4 9539 (0) 7 : 0.712 0.288
5 9541 (0) 7 : 0.918 0.082
6 13843 (0) 2 : 0.919 0.081
7 34024 (0) 3 : 0.169 0.831
8 45948 (0) 3 : 0.07 0.93
9 51018 (0) 3 : 0.286 0.714
10 51021 (0) 3 : 0.518 0.482
11 51022 (0) 3 : 0.303 0.697
12 51039 (0) 3 : 0.286 0.714
13 51040 (0) 3 : 0.663 0.337
14 51041 (0) 3 : 0.17 0.83
15 51066 (0) 3 : 0.351 0.649
16 51067 (0) 3 : 0.767 0.233
17 51068 (0) 3 : 0.405 0.595
18 51069 (7) 3 : 0.205 0.795
19 51070 (0) 3 : 0.736 0.264
20 51071 (0) 3 : 0.211 0.789
21 51072 (0) 3 : 0.42 0.58
22 51073 (0) 3 : 0.144 0.856
23 51074 (0) 3 : 0.602 0.398
24 51075 (0) 3 : 0.117 0.883
25 51076 (0) 3 : 0.359 0.641
26 51077 (0) 3 : 0.304 0.696
27 51087 (0) 3 : 0.25 0.75
28 51092 (0) 3 : 0.313 0.687
29 53753 (0) 5 : 0.631 0.369
30 53946 (0) 3 : 0.371 0.629
31 53952 (0) 3 : 0.709 0.291
32 55189 (0) 3 : 0.841 0.159
33 55190 (0) 3 : 0.658 0.342
34 55202 (0) 3 : 0.364 0.636
35 55203 (0) 3 : 0.464 0.536
36 55204 (0) 3 : 0.476 0.524
37 55205 (0) 3 : 0.723 0.277
38 55249 (0) 3 : 0.27 0.73
39 55250 (0) 3 : 0.268 0.732
40 55252 (0) 3 : 0.169 0.831
41 55253 (0) 3 : 0.531 0.469
42 61428 (0) 3 : 0.134 0.866
43 61429 (0) 3 : 0.276 0.724
44 61430 (0) 3 : 0.535 0.465
45 61442 (0) 3 : 0.197 0.803
46 61443 (7) 3 : 0.526 0.474
47 67596 (14) 5 : 0.491 0.509
48 71009 (0) 3 : 0.706 0.294
49 71010 (0) 3 : 0.07 0.93
50 71011 (0) 3 : 0.468 0.532
51 71012 (0) 3 : 0.099 0.901
52 71013 (0) 3 : 0.317 0.683
53 71019 (0) 3 : 0.389 0.611
54 75651 (0) 3 : 0.739 0.261
55 75652 (0) 3 : 0.618 0.382
56 75653 (0) 3 : 0.409 0.591
57 75667 (0) 3 : 0.22 0.78
58 78742 (0) 3 : 0.074 0.926
59 78758 (0) 3 : 0.077 0.923
60 78826 (0) 3 : 0.432 0.568
61 78827 (0) 3 : 0.408 0.592
62 79982 (0) 3 : 0.294 0.706
63 79998 (0) 3 : 0.303 0.697
64 88612 (0) 3 : 0.305 0.695
65 92252 (0) 3 : 0.738 0.262
66 92257 (0) 3 : 0.831 0.169
67 92259 (0) 3 : 0.094 0.906
68 102380 (7) 4 : 0.437 0.563
69 102381 (0) 4 : 0.369 0.631
70 102382 (0) 4 : 0.613 0.387
71 102383 (0) 4 : 0.539 0.461
72 102384 (7) 4 : 0.546 0.454
73 102385 (0) 4 : 0.84 0.16
74 102386 (0) 4 : 0.475 0.525
75 102387 (7) 4 : 0.286 0.714
76 102388 (0) 4 : 0.169 0.831
77 102389 (0) 4 : 0.168 0.832
78 102390 (7) 4 : 0.63 0.37
79 102391 (0) 4 : 0.203 0.797
80 102392 (0) 4 : 0.384 0.616
81 102394 (0) 4 : 0.367 0.633
82 102395 (0) 4 : 0.408 0.592
83 102396 (7) 4 : 0.246 0.754
84 102397 (0) 4 : 0.76 0.24
85 102398 (0) 4 : 0.544 0.456
86 102399 (7) 4 : 0.266 0.734
87 102400 (0) 4 : 0.132 0.868
88 102401 (0) 4 : 0.519 0.481
89 102402 (0) 4 : 0.498 0.502
90 102403 (0) 4 : 0.297 0.703
91 102404 (0) 4 : 0.346 0.654
92 102405 (0) 4 : 0.861 0.139
93 102406 (0) 4 : 0.679 0.321
94 102422 (0) 4 : 0.76 0.24
95 102423 (0) 4 : 0.229 0.771
96 102424 (0) 4 : 0.449 0.551
97 102425 (0) 4 : 0.233 0.767
98 102427 (0) 4 : 0.158 0.842
99 102428 (0) 4 : 0.215 0.785
100 102429 (0) 4 : 0.207 0.793
101 102482 (7) 3 : 0.254 0.746
102 103984 (0) 3 : 0.571 0.429
103 103985 (0) 3 : 0.226 0.774
104 103986 (0) 3 : 0.701 0.299
105 104021 (0) 3 : 0.416 0.584
106 104022 (0) 3 : 0.41 0.59
107 104035 (0) 1 : 0.904 0.096
108 104066 (0) 1 : 0.949 0.051
109 104067 (0) 1 : 0.934 0.066
110 104070 (0) 1 : 0.885 0.115
111 107857 (0) 3 : 0.118 0.882
112 107859 (7) 3 : 0.195 0.805
113 108172 (0) 1 : 0.932 0.068
114 108183 (0) 1 : 0.541 0.459
115 108207 (0) 1 : 0.954 0.046
116 108208 (0) 1 : 0.909 0.091
117 113578 (0) 3 : 0.086 0.914
118 113652 (0) 3 : 0.504 0.496
119 114559 (7) 3 : 0.731 0.269
120 114560 (7) 3 : 0.716 0.284
121 114561 (0) 3 : 0.243 0.757
122 114562 (0) 3 : 0.537 0.463
123 114563 (0) 3 : 0.169 0.831
124 114941 (0) 4 : 0.666 0.334
125 114942 (0) 4 : 0.213 0.787
126 114943 (0) 4 : 0.706 0.294
127 114944 (0) 4 : 0.635 0.365
128 114958 (0) 4 : 0.314 0.686
129 114961 (0) 4 : 0.127 0.873
130 114962 (0) 4 : 0.353 0.647
131 116858 (0) 1 : 0.914 0.086
132 116866 (0) 1 : 0.87 0.13
133 116867 (0) 1 : 0.919 0.081
134 116868 (7) 1 : 0.896 0.104
135 116869 (7) 1 : 0.944 0.056
136 116881 (0) 1 : 0.788 0.212
137 123357 (7) 4 : 0.594 0.406
138 123358 (0) 4 : 0.241 0.759
139 123359 (0) 4 : 0.497 0.503
140 123364 (0) 4 : 0.342 0.658
141 123365 (7) 4 : 0.563 0.437
142 123366 (0) 4 : 0.375 0.625
143 123372 (0) 4 : 0.734 0.266
144 123373 (0) 4 : 0.851 0.149
145 123374 (0) 4 : 0.192 0.808
146 123376 (14) 3 : 0.315 0.685
147 123377 (0) 4 : 0.616 0.384
148 123380 (0) 4 : 0.749 0.251
149 133152 (0) 3 : 0.526 0.474
150 133153 (0) 3 : 0.847 0.153
151 133157 (0) 3 : 0.391 0.609
152 133158 (0) 3 : 0.408 0.592
153 133159 (0) 3 : 0.293 0.707
154 133162 (0) 3 : 0.288 0.712
155 133163 (0) 3 : 0.755 0.245
156 133164 (0) 3 : 0.68 0.32
157 133165 (0) 3 : 0.333 0.667
158 133166 (0) 3 : 0.681 0.319
159 133167 (0) 3 : 0.271 0.729
160 133181 (0) 3 : 0.161 0.839
161 133182 (0) 3 : 0.585 0.415
162 133183 (0) 3 : 0.161 0.839
163 133184 (0) 3 : 0.361 0.639
164 133185 (0) 3 : 0.338 0.662
165 133186 (0) 3 : 0.227 0.773
166 133193 (0) 3 : 0.299 0.701
1 2623 (0) 6 : 0.244 0.756
2 5562 (7) 6 : 0.116 0.884
3 9538 (0) 7 : 0.118 0.882
4 9539 (0) 7 : 0.266 0.734
5 9541 (0) 7 : 0.053 0.947
6 13843 (0) 2 : 0.06 0.94
7 34024 (0) 3 : 0.886 0.114
8 45948 (0) 3 : 0.949 0.051
9 51018 (0) 3 : 0.782 0.218
10 51021 (0) 3 : 0.466 0.534
11 51022 (0) 3 : 0.722 0.278
12 51039 (0) 3 : 0.764 0.236
13 51040 (0) 3 : 0.294 0.706
14 51041 (0) 3 : 0.87 0.13
15 51066 (0) 3 : 0.662 0.338
16 51067 (0) 3 : 0.215 0.785
17 51068 (0) 3 : 0.641 0.359
18 51069 (7) 3 : 0.802 0.198
19 51070 (0) 3 : 0.249 0.751
20 51071 (0) 3 : 0.8 0.2
21 51072 (0) 3 : 0.485 0.515
22 51073 (0) 3 : 0.903 0.097
23 51074 (0) 3 : 0.421 0.579
24 51075 (0) 3 : 0.914 0.086
25 51076 (0) 3 : 0.672 0.328
26 51077 (0) 3 : 0.692 0.308
27 51087 (0) 3 : 0.788 0.212
28 51092 (0) 3 : 0.722 0.278
29 53753 (0) 5 : 0.376 0.624
30 53946 (0) 3 : 0.621 0.379
31 53952 (0) 3 : 0.262 0.738
32 55189 (0) 3 : 0.124 0.876
33 55190 (0) 3 : 0.383 0.617
34 55202 (0) 3 : 0.738 0.262
35 55203 (0) 3 : 0.56 0.44
36 55204 (0) 3 : 0.6 0.4
37 55205 (0) 3 : 0.233 0.767
38 55249 (0) 3 : 0.768 0.232
39 55250 (0) 3 : 0.784 0.216
40 55252 (0) 3 : 0.906 0.094
41 55253 (0) 3 : 0.471 0.529
42 61428 (0) 3 : 0.913 0.087
43 61429 (0) 3 : 0.803 0.197
44 61430 (0) 3 : 0.522 0.478
45 61442 (0) 3 : 0.846 0.154
46 61443 (7) 3 : 0.492 0.508
47 67596 (14) 5 : 0.583 0.417
48 71009 (0) 3 : 0.269 0.731
49 71010 (0) 3 : 0.949 0.051
50 71011 (0) 3 : 0.537 0.463
51 71012 (0) 3 : 0.926 0.074
52 71013 (0) 3 : 0.79 0.21
53 71019 (0) 3 : 0.69 0.31
54 75651 (0) 3 : 0.236 0.764
55 75652 (0) 3 : 0.328 0.672
56 75653 (0) 3 : 0.603 0.397
57 75667 (0) 3 : 0.815 0.185
58 78742 (0) 3 : 0.947 0.053
59 78758 (0) 3 : 0.943 0.057
60 78826 (0) 3 : 0.551 0.449
61 78827 (0) 3 : 0.544 0.456
62 79982 (0) 3 : 0.775 0.225
63 79998 (0) 3 : 0.733 0.267
64 88612 (0) 3 : 0.783 0.217
65 92252 (0) 3 : 0.26 0.74
66 92257 (0) 3 : 0.18 0.82
67 92259 (0) 3 : 0.929 0.071
68 102380 (7) 4 : 0.674 0.326
69 102381 (0) 4 : 0.589 0.411
70 102382 (0) 4 : 0.319 0.681
71 102383 (0) 4 : 0.386 0.614
72 102384 (7) 4 : 0.449 0.551
73 102385 (0) 4 : 0.132 0.868
74 102386 (0) 4 : 0.511 0.489
75 102387 (7) 4 : 0.826 0.174
76 102388 (0) 4 : 0.837 0.163
77 102389 (0) 4 : 0.835 0.165
78 102390 (7) 4 : 0.418 0.582
79 102391 (0) 4 : 0.835 0.165
80 102392 (0) 4 : 0.583 0.417
81 102394 (0) 4 : 0.686 0.314
82 102395 (0) 4 : 0.623 0.377
83 102396 (7) 4 : 0.819 0.181
84 102397 (0) 4 : 0.193 0.807
85 102398 (0) 4 : 0.544 0.456
86 102399 (7) 4 : 0.817 0.183
87 102400 (0) 4 : 0.906 0.094
88 102401 (0) 4 : 0.45 0.55
89 102402 (0) 4 : 0.437 0.563
90 102403 (0) 4 : 0.813 0.187
91 102404 (0) 4 : 0.728 0.272
92 102405 (0) 4 : 0.112 0.888
93 102406 (0) 4 : 0.363 0.637
94 102422 (0) 4 : 0.237 0.763
95 102423 (0) 4 : 0.796 0.204
96 102424 (0) 4 : 0.591 0.409
97 102425 (0) 4 : 0.811 0.189
98 102427 (0) 4 : 0.87 0.13
99 102428 (0) 4 : 0.831 0.169
100 102429 (0) 4 : 0.844 0.156
101 102482 (7) 3 : 0.824 0.176
102 103984 (0) 3 : 0.398 0.602
103 103985 (0) 3 : 0.827 0.173
104 103986 (0) 3 : 0.236 0.764
105 104021 (0) 3 : 0.617 0.383
106 104022 (0) 3 : 0.636 0.364
107 104035 (0) 1 : 0.062 0.938
108 104066 (0) 1 : 0.031 0.969
109 104067 (0) 1 : 0.042 0.958
110 104070 (0) 1 : 0.073 0.927
111 107857 (0) 3 : 0.915 0.085
112 107859 (7) 3 : 0.856 0.144
113 108172 (0) 1 : 0.045 0.955
114 108183 (0) 1 : 0.543 0.457
115 108207 (0) 1 : 0.028 0.972
116 108208 (0) 1 : 0.064 0.936
117 113578 (0) 3 : 0.932 0.068
118 113652 (0) 3 : 0.541 0.459
119 114559 (7) 3 : 0.253 0.747
120 114560 (7) 3 : 0.368 0.632
121 114561 (0) 3 : 0.817 0.183
122 114562 (0) 3 : 0.429 0.571
123 114563 (0) 3 : 0.886 0.114
124 114941 (0) 4 : 0.283 0.717
125 114942 (0) 4 : 0.849 0.151
126 114943 (0) 4 : 0.309 0.691
127 114944 (0) 4 : 0.312 0.688
128 114958 (0) 4 : 0.748 0.252
129 114961 (0) 4 : 0.911 0.089
130 114962 (0) 4 : 0.708 0.292
131 116858 (0) 1 : 0.062 0.938
132 116866 (0) 1 : 0.092 0.908
133 116867 (0) 1 : 0.056 0.944
134 116868 (7) 1 : 0.076 0.924
135 116869 (7) 1 : 0.034 0.966
136 116881 (0) 1 : 0.153 0.847
137 123357 (7) 4 : 0.4 0.6
138 123358 (0) 4 : 0.766 0.234
139 123359 (0) 4 : 0.47 0.53
140 123364 (0) 4 : 0.606 0.394
141 123365 (7) 4 : 0.501 0.499
142 123366 (0) 4 : 0.666 0.334
143 123372 (0) 4 : 0.21 0.79
144 123373 (0) 4 : 0.133 0.867
145 123374 (0) 4 : 0.863 0.137
146 123376 (14) 3 : 0.691 0.309
147 123377 (0) 4 : 0.438 0.562
148 123380 (0) 4 : 0.233 0.767
149 133152 (0) 3 : 0.408 0.592
150 133153 (0) 3 : 0.123 0.877
151 133157 (0) 3 : 0.645 0.355
152 133158 (0) 3 : 0.663 0.337
153 133159 (0) 3 : 0.787 0.213
154 133162 (0) 3 : 0.71 0.29
155 133163 (0) 3 : 0.215 0.785
156 133164 (0) 3 : 0.267 0.733
157 133165 (0) 3 : 0.701 0.299
158 133166 (0) 3 : 0.332 0.668
159 133167 (0) 3 : 0.711 0.289
160 133181 (0) 3 : 0.877 0.123
161 133182 (0) 3 : 0.477 0.523
162 133183 (0) 3 : 0.827 0.173
163 133184 (0) 3 : 0.706 0.294
164 133185 (0) 3 : 0.656 0.344
165 133186 (0) 3 : 0.81 0.19
166 133193 (0) 3 : 0.699 0.301
1 2623 (0) 6 : 0.241 0.759
2 5562 (7) 6 : 0.117 0.883
3 9538 (0) 7 : 0.121 0.879
4 9539 (0) 7 : 0.272 0.728
5 9541 (0) 7 : 0.056 0.944
6 13843 (0) 2 : 0.062 0.938
7 34024 (0) 3 : 0.888 0.112
8 45948 (0) 3 : 0.949 0.051
9 51018 (0) 3 : 0.786 0.214
10 51021 (0) 3 : 0.458 0.542
11 51022 (0) 3 : 0.724 0.276
12 51039 (0) 3 : 0.766 0.234
13 51040 (0) 3 : 0.293 0.707
14 51041 (0) 3 : 0.869 0.131
15 51066 (0) 3 : 0.659 0.341
16 51067 (0) 3 : 0.218 0.782
17 51068 (0) 3 : 0.666 0.334
18 51069 (7) 3 : 0.802 0.198
19 51070 (0) 3 : 0.252 0.748
20 51071 (0) 3 : 0.808 0.192
21 51072 (0) 3 : 0.495 0.505
22 51073 (0) 3 : 0.901 0.099
23 51074 (0) 3 : 0.413 0.587
24 51075 (0) 3 : 0.915 0.085
25 51076 (0) 3 : 0.672 0.328
26 51077 (0) 3 : 0.694 0.306
27 51087 (0) 3 : 0.795 0.205
28 51092 (0) 3 : 0.723 0.277
29 53753 (0) 5 : 0.372 0.628
30 53946 (0) 3 : 0.62 0.38
31 53952 (0) 3 : 0.287 0.713
32 55189 (0) 3 : 0.12 0.88
33 55190 (0) 3 : 0.381 0.619
34 55202 (0) 3 : 0.749 0.251
35 55203 (0) 3 : 0.57 0.43
36 55204 (0) 3 : 0.615 0.385
37 55205 (0) 3 : 0.232 0.768
38 55249 (0) 3 : 0.758 0.242
39 55250 (0) 3 : 0.771 0.229
40 55252 (0) 3 : 0.904 0.096
41 55253 (0) 3 : 0.5 0.5
42 61428 (0) 3 : 0.912 0.088
43 61429 (0) 3 : 0.805 0.195
44 61430 (0) 3 : 0.529 0.471
45 61442 (0) 3 : 0.856 0.144
46 61443 (7) 3 : 0.503 0.497
47 67596 (14) 5 : 0.577 0.423
48 71009 (0) 3 : 0.262 0.738
49 71010 (0) 3 : 0.949 0.051
50 71011 (0) 3 : 0.548 0.452
51 71012 (0) 3 : 0.924 0.076
52 71013 (0) 3 : 0.799 0.201
53 71019 (0) 3 : 0.693 0.307
54 75651 (0) 3 : 0.245 0.755
55 75652 (0) 3 : 0.341 0.659
56 75653 (0) 3 : 0.594 0.406
57 75667 (0) 3 : 0.814 0.186
58 78742 (0) 3 : 0.945 0.055
59 78758 (0) 3 : 0.94 0.06
60 78826 (0) 3 : 0.55 0.45
61 78827 (0) 3 : 0.533 0.467
62 79982 (0) 3 : 0.784 0.216
63 79998 (0) 3 : 0.748 0.252
64 88612 (0) 3 : 0.794 0.206
65 92252 (0) 3 : 0.258 0.742
66 92257 (0) 3 : 0.196 0.804
67 92259 (0) 3 : 0.93 0.07
68 102380 (7) 4 : 0.672 0.328
69 102381 (0) 4 : 0.599 0.401
70 102382 (0) 4 : 0.312 0.688
71 102383 (0) 4 : 0.395 0.605
72 102384 (7) 4 : 0.458 0.542
73 102385 (0) 4 : 0.13 0.87
74 102386 (0) 4 : 0.527 0.473
75 102387 (7) 4 : 0.828 0.172
76 102388 (0) 4 : 0.837 0.163
77 102389 (0) 4 : 0.84 0.16
78 102390 (7) 4 : 0.424 0.576
79 102391 (0) 4 : 0.834 0.166
80 102392 (0) 4 : 0.593 0.407
81 102394 (0) 4 : 0.692 0.308
82 102395 (0) 4 : 0.627 0.373
83 102396 (7) 4 : 0.817 0.183
84 102397 (0) 4 : 0.195 0.805
85 102398 (0) 4 : 0.545 0.455
86 102399 (7) 4 : 0.812 0.188
87 102400 (0) 4 : 0.906 0.094
88 102401 (0) 4 : 0.45 0.55
89 102402 (0) 4 : 0.434 0.566
90 102403 (0) 4 : 0.815 0.185
91 102404 (0) 4 : 0.743 0.257
92 102405 (0) 4 : 0.117 0.883
93 102406 (0) 4 : 0.361 0.639
94 102422 (0) 4 : 0.242 0.758
95 102423 (0) 4 : 0.79 0.21
96 102424 (0) 4 : 0.578 0.422
97 102425 (0) 4 : 0.815 0.185
98 102427 (0) 4 : 0.868 0.132
99 102428 (0) 4 : 0.841 0.159
100 102429 (0) 4 : 0.847 0.153
101 102482 (7) 3 : 0.834 0.166
102 103984 (0) 3 : 0.413 0.587
103 103985 (0) 3 : 0.83 0.17
104 103986 (0) 3 : 0.24 0.76
105 104021 (0) 3 : 0.608 0.392
106 104022 (0) 3 : 0.643 0.357
107 104035 (0) 1 : 0.062 0.938
108 104066 (0) 1 : 0.032 0.968
109 104067 (0) 1 : 0.044 0.956
110 104070 (0) 1 : 0.072 0.928
111 107857 (0) 3 : 0.915 0.085
112 107859 (7) 3 : 0.855 0.145
113 108172 (0) 1 : 0.046 0.954
114 108183 (0) 1 : 0.56 0.44
115 108207 (0) 1 : 0.029 0.971
116 108208 (0) 1 : 0.064 0.936
117 113578 (0) 3 : 0.933 0.067
118 113652 (0) 3 : 0.561 0.439
119 114559 (7) 3 : 0.253 0.747
120 114560 (7) 3 : 0.384 0.616
121 114561 (0) 3 : 0.818 0.182
122 114562 (0) 3 : 0.438 0.562
123 114563 (0) 3 : 0.888 0.112
124 114941 (0) 4 : 0.281 0.719
125 114942 (0) 4 : 0.849 0.151
126 114943 (0) 4 : 0.312 0.688
127 114944 (0) 4 : 0.316 0.684
128 114958 (0) 4 : 0.752 0.248
129 114961 (0) 4 : 0.91 0.09
130 114962 (0) 4 : 0.711 0.289
131 116858 (0) 1 : 0.062 0.938
132 116866 (0) 1 : 0.088 0.912
133 116867 (0) 1 : 0.058 0.942
134 116868 (7) 1 : 0.077 0.923
135 116869 (7) 1 : 0.036 0.964
136 116881 (0) 1 : 0.15 0.85
137 123357 (7) 4 : 0.399 0.601
138 123358 (0) 4 : 0.767 0.233
139 123359 (0) 4 : 0.475 0.525
140 123364 (0) 4 : 0.625 0.375
141 123365 (7) 4 : 0.541 0.459
142 123366 (0) 4 : 0.691 0.309
143 123372 (0) 4 : 0.213 0.787
144 123373 (0) 4 : 0.135 0.865
145 123374 (0) 4 : 0.864 0.136
146 123376 (14) 3 : 0.7 0.3
147 123377 (0) 4 : 0.474 0.526
148 123380 (0) 4 : 0.235 0.765
149 133152 (0) 3 : 0.414 0.586
150 133153 (0) 3 : 0.12 0.88
151 133157 (0) 3 : 0.653 0.347
152 133158 (0) 3 : 0.689 0.311
153 133159 (0) 3 : 0.789 0.211
154 133162 (0) 3 : 0.707 0.293
155 133163 (0) 3 : 0.213 0.787
156 133164 (0) 3 : 0.264 0.736
157 133165 (0) 3 : 0.717 0.283
158 133166 (0) 3 : 0.331 0.669
159 133167 (0) 3 : 0.723 0.277
160 133181 (0) 3 : 0.881 0.119
161 133182 (0) 3 : 0.484 0.516
162 133183 (0) 3 : 0.829 0.171
163 133184 (0) 3 : 0.716 0.284
164 133185 (0) 3 : 0.661 0.339
165 133186 (0) 3 : 0.816 0.184
166 133193 (0) 3 : 0.703 0.297
1 2623 (0) 6 : 0.251 0.749
2 5562 (7) 6 : 0.132 0.868
3 9538 (0) 7 : 0.134 0.866
4 9539 (0) 7 : 0.28 0.72
5 9541 (0) 7 : 0.066 0.934
6 13843 (0) 2 : 0.07 0.93
7 34024 (0) 3 : 0.869 0.131
8 45948 (0) 3 : 0.941 0.059
9 51018 (0) 3 : 0.765 0.235
10 51021 (0) 3 : 0.464 0.536
11 51022 (0) 3 : 0.72 0.28
12 51039 (0) 3 : 0.751 0.249
13 51040 (0) 3 : 0.3 0.7
14 51041 (0) 3 : 0.854 0.146
15 51066 (0) 3 : 0.653 0.347
16 51067 (0) 3 : 0.226 0.774
17 51068 (0) 3 : 0.643 0.357
18 51069 (7) 3 : 0.794 0.206
19 51070 (0) 3 : 0.251 0.749
20 51071 (0) 3 : 0.795 0.205
21 51072 (0) 3 : 0.501 0.499
22 51073 (0) 3 : 0.885 0.115
23 51074 (0) 3 : 0.42 0.58
24 51075 (0) 3 : 0.902 0.098
25 51076 (0) 3 : 0.658 0.342
26 51077 (0) 3 : 0.685 0.315
27 51087 (0) 3 : 0.775 0.225
28 51092 (0) 3 : 0.708 0.292
29 53753 (0) 5 : 0.382 0.618
30 53946 (0) 3 : 0.621 0.379
31 53952 (0) 3 : 0.288 0.712
32 55189 (0) 3 : 0.137 0.863
33 55190 (0) 3 : 0.379 0.621
34 55202 (0) 3 : 0.733 0.267
35 55203 (0) 3 : 0.558 0.442
36 55204 (0) 3 : 0.588 0.412
37 55205 (0) 3 : 0.238 0.762
38 55249 (0) 3 : 0.751 0.249
39 55250 (0) 3 : 0.764 0.236
40 55252 (0) 3 : 0.882 0.118
41 55253 (0) 3 : 0.482 0.518
42 61428 (0) 3 : 0.903 0.097
43 61429 (0) 3 : 0.779 0.221
44 61430 (0) 3 : 0.518 0.482
45 61442 (0) 3 : 0.838 0.162
46 61443 (7) 3 : 0.488 0.512
47 67596 (14) 5 : 0.564 0.436
48 71009 (0) 3 : 0.272 0.728
49 71010 (0) 3 : 0.94 0.06
50 71011 (0) 3 : 0.532 0.468
51 71012 (0) 3 : 0.915 0.085
52 71013 (0) 3 : 0.78 0.22
53 71019 (0) 3 : 0.677 0.323
54 75651 (0) 3 : 0.25 0.75
55 75652 (0) 3 : 0.34 0.66
56 75653 (0) 3 : 0.59 0.41
57 75667 (0) 3 : 0.803 0.197
58 78742 (0) 3 : 0.939 0.061
59 78758 (0) 3 : 0.935 0.065
60 78826 (0) 3 : 0.557 0.443
61 78827 (0) 3 : 0.535 0.465
62 79982 (0) 3 : 0.761 0.239
63 79998 (0) 3 : 0.727 0.273
64 88612 (0) 3 : 0.768 0.232
65 92252 (0) 3 : 0.267 0.733
66 92257 (0) 3 : 0.198 0.802
67 92259 (0) 3 : 0.921 0.079
68 102380 (7) 4 : 0.656 0.344
69 102381 (0) 4 : 0.593 0.407
70 102382 (0) 4 : 0.335 0.665
71 102383 (0) 4 : 0.394 0.606
72 102384 (7) 4 : 0.459 0.541
73 102385 (0) 4 : 0.139 0.861
74 102386 (0) 4 : 0.525 0.475
75 102387 (7) 4 : 0.81 0.19
76 102388 (0) 4 : 0.835 0.165
77 102389 (0) 4 : 0.835 0.165
78 102390 (7) 4 : 0.412 0.588
79 102391 (0) 4 : 0.821 0.179
80 102392 (0) 4 : 0.589 0.411
81 102394 (0) 4 : 0.684 0.316
82 102395 (0) 4 : 0.605 0.395
83 102396 (7) 4 : 0.805 0.195
84 102397 (0) 4 : 0.21 0.79
85 102398 (0) 4 : 0.531 0.469
86 102399 (7) 4 : 0.801 0.199
87 102400 (0) 4 : 0.897 0.103
88 102401 (0) 4 : 0.454 0.546
89 102402 (0) 4 : 0.443 0.557
90 102403 (0) 4 : 0.795 0.205
91 102404 (0) 4 : 0.717 0.283
92 102405 (0) 4 : 0.128 0.872
93 102406 (0) 4 : 0.366 0.634
94 102422 (0) 4 : 0.244 0.756
95 102423 (0) 4 : 0.782 0.218
96 102424 (0) 4 : 0.579 0.421
97 102425 (0) 4 : 0.798 0.202
98 102427 (0) 4 : 0.858 0.142
99 102428 (0) 4 : 0.819 0.181
100 102429 (0) 4 : 0.825 0.175
101 102482 (7) 3 : 0.808 0.192
102 103984 (0) 3 : 0.409 0.591
103 103985 (0) 3 : 0.81 0.19
104 103986 (0) 3 : 0.245 0.755
105 104021 (0) 3 : 0.609 0.391
106 104022 (0) 3 : 0.633 0.367
107 104035 (0) 1 : 0.074 0.926
108 104066 (0) 1 : 0.039 0.961
109 104067 (0) 1 : 0.05 0.95
110 104070 (0) 1 : 0.085 0.915
111 107857 (0) 3 : 0.905 0.095
112 107859 (7) 3 : 0.847 0.153
113 108172 (0) 1 : 0.053 0.947
114 108183 (0) 1 : 0.529 0.471
115 108207 (0) 1 : 0.035 0.965
116 108208 (0) 1 : 0.075 0.925
117 113578 (0) 3 : 0.925 0.075
118 113652 (0) 3 : 0.547 0.453
119 114559 (7) 3 : 0.258 0.742
120 114560 (7) 3 : 0.375 0.625
121 114561 (0) 3 : 0.798 0.202
122 114562 (0) 3 : 0.444 0.556
123 114563 (0) 3 : 0.869 0.131
124 114941 (0) 4 : 0.291 0.709
125 114942 (0) 4 : 0.829 0.171
126 114943 (0) 4 : 0.318 0.682
127 114944 (0) 4 : 0.326 0.674
128 114958 (0) 4 : 0.734 0.266
129 114961 (0) 4 : 0.897 0.103
130 114962 (0) 4 : 0.692 0.308
131 116858 (0) 1 : 0.071 0.929
132 116866 (0) 1 : 0.102 0.898
133 116867 (0) 1 : 0.068 0.932
134 116868 (7) 1 : 0.087 0.913
135 116869 (7) 1 : 0.043 0.957
136 116881 (0) 1 : 0.166 0.834
137 123357 (7) 4 : 0.407 0.593
138 123358 (0) 4 : 0.757 0.243
139 123359 (0) 4 : 0.467 0.533
140 123364 (0) 4 : 0.623 0.377
141 123365 (7) 4 : 0.509 0.491
142 123366 (0) 4 : 0.673 0.327
143 123372 (0) 4 : 0.221 0.779
144 123373 (0) 4 : 0.147 0.853
145 123374 (0) 4 : 0.853 0.147
146 123376 (14) 3 : 0.693 0.307
147 123377 (0) 4 : 0.462 0.538
148 123380 (0) 4 : 0.24 0.76
149 133152 (0) 3 : 0.412 0.588
150 133153 (0) 3 : 0.132 0.868
151 133157 (0) 3 : 0.642 0.358
152 133158 (0) 3 : 0.661 0.339
153 133159 (0) 3 : 0.775 0.225
154 133162 (0) 3 : 0.701 0.299
155 133163 (0) 3 : 0.225 0.775
156 133164 (0) 3 : 0.281 0.719
157 133165 (0) 3 : 0.703 0.297
158 133166 (0) 3 : 0.326 0.674
159 133167 (0) 3 : 0.71 0.29
160 133181 (0) 3 : 0.866 0.134
161 133182 (0) 3 : 0.49 0.51
162 133183 (0) 3 : 0.823 0.177
163 133184 (0) 3 : 0.688 0.312
164 133185 (0) 3 : 0.653 0.347
165 133186 (0) 3 : 0.801 0.199
166 133193 (0) 3 : 0.69 0.31
1 2623 (0) 6 : 0.756 0.244
2 5562 (7) 6 : 0.873 0.127
3 9538 (0) 7 : 0.87 0.13
4 9539 (0) 7 : 0.731 0.269
5 9541 (0) 7 : 0.939 0.061
6 13843 (0) 2 : 0.936 0.064
7 34024 (0) 3 : 0.127 0.873
8 45948 (0) 3 : 0.055 0.945
9 51018 (0) 3 : 0.226 0.774
10 51021 (0) 3 : 0.539 0.461
11 51022 (0) 3 : 0.28 0.72
12 51039 (0) 3 : 0.241 0.759
13 51040 (0) 3 : 0.696 0.304
14 51041 (0) 3 : 0.14 0.86
15 51066 (0) 3 : 0.339 0.661
16 51067 (0) 3 : 0.789 0.211
17 51068 (0) 3 : 0.343 0.657
18 51069 (7) 3 : 0.202 0.798
19 51070 (0) 3 : 0.739 0.261
20 51071 (0) 3 : 0.19 0.81
21 51072 (0) 3 : 0.479 0.521
22 51073 (0) 3 : 0.11 0.89
23 51074 (0) 3 : 0.583 0.417
24 51075 (0) 3 : 0.089 0.911
25 51076 (0) 3 : 0.338 0.662
26 51077 (0) 3 : 0.298 0.702
27 51087 (0) 3 : 0.214 0.786
28 51092 (0) 3 : 0.283 0.717
29 53753 (0) 5 : 0.615 0.385
30 53946 (0) 3 : 0.372 0.628
31 53952 (0) 3 : 0.711 0.289
32 55189 (0) 3 : 0.869 0.131
33 55190 (0) 3 : 0.63 0.37
34 55202 (0) 3 : 0.271 0.729
35 55203 (0) 3 : 0.433 0.567
36 55204 (0) 3 : 0.416 0.584
37 55205 (0) 3 : 0.757 0.243
38 55249 (0) 3 : 0.246 0.754
39 55250 (0) 3 : 0.235 0.765
40 55252 (0) 3 : 0.106 0.894
41 55253 (0) 3 : 0.494 0.506
42 61428 (0) 3 : 0.098 0.902
43 61429 (0) 3 : 0.204 0.796
44 61430 (0) 3 : 0.483 0.517
45 61442 (0) 3 : 0.148 0.852
46 61443 (7) 3 : 0.499 0.501
47 67596 (14) 5 : 0.433 0.567
48 71009 (0) 3 : 0.725 0.275
49 71010 (0) 3 : 0.055 0.945
50 71011 (0) 3 : 0.445 0.555
51 71012 (0) 3 : 0.081 0.919
52 71013 (0) 3 : 0.226 0.774
53 71019 (0) 3 : 0.333 0.667
54 75651 (0) 3 : 0.754 0.246
55 75652 (0) 3 : 0.643 0.357
56 75653 (0) 3 : 0.404 0.596
57 75667 (0) 3 : 0.196 0.804
58 78742 (0) 3 : 0.058 0.942
59 78758 (0) 3 : 0.064 0.936
60 78826 (0) 3 : 0.451 0.549
61 78827 (0) 3 : 0.45 0.55
62 79982 (0) 3 : 0.24 0.76
63 79998 (0) 3 : 0.254 0.746
64 88612 (0) 3 : 0.216 0.784
65 92252 (0) 3 : 0.739 0.261
66 92257 (0) 3 : 0.808 0.192
67 92259 (0) 3 : 0.076 0.924
68 102380 (7) 4 : 0.362 0.638
69 102381 (0) 4 : 0.397 0.603
70 102382 (0) 4 : 0.669 0.331
71 102383 (0) 4 : 0.597 0.403
72 102384 (7) 4 : 0.534 0.466
73 102385 (0) 4 : 0.866 0.134
74 102386 (0) 4 : 0.475 0.525
75 102387 (7) 4 : 0.203 0.797
76 102388 (0) 4 : 0.16 0.84
77 102389 (0) 4 : 0.161 0.839
78 102390 (7) 4 : 0.595 0.405
79 102391 (0) 4 : 0.177 0.823
80 102392 (0) 4 : 0.401 0.599
81 102394 (0) 4 : 0.331 0.669
82 102395 (0) 4 : 0.382 0.618
83 102396 (7) 4 : 0.196 0.804
84 102397 (0) 4 : 0.791 0.209
85 102398 (0) 4 : 0.483 0.517
86 102399 (7) 4 : 0.203 0.797
87 102400 (0) 4 : 0.102 0.898
88 102401 (0) 4 : 0.54 0.46
89 102402 (0) 4 : 0.561 0.439
90 102403 (0) 4 : 0.213 0.787
91 102404 (0) 4 : 0.276 0.724
92 102405 (0) 4 : 0.884 0.116
93 102406 (0) 4 : 0.647 0.353
94 102422 (0) 4 : 0.765 0.235
95 102423 (0) 4 : 0.207 0.793
96 102424 (0) 4 : 0.432 0.568
97 102425 (0) 4 : 0.194 0.806
98 102427 (0) 4 : 0.14 0.86
99 102428 (0) 4 : 0.173 0.827
100 102429 (0) 4 : 0.168 0.832
101 102482 (7) 3 : 0.187 0.813
102 103984 (0) 3 : 0.565 0.435
103 103985 (0) 3 : 0.183 0.817
104 103986 (0) 3 : 0.739 0.261
105 104021 (0) 3 : 0.388 0.612
106 104022 (0) 3 : 0.362 0.638
107 104035 (0) 1 : 0.932 0.068
108 104066 (0) 1 : 0.964 0.036
109 104067 (0) 1 : 0.952 0.048
110 104070 (0) 1 : 0.918 0.082
111 107857 (0) 3 : 0.09 0.91
112 107859 (7) 3 : 0.156 0.844
113 108172 (0) 1 : 0.95 0.05
114 108183 (0) 1 : 0.473 0.527
115 108207 (0) 1 : 0.967 0.033
116 108208 (0) 1 : 0.931 0.069
117 113578 (0) 3 : 0.07 0.93
118 113652 (0) 3 : 0.453 0.547
119 114559 (7) 3 : 0.738 0.262
120 114560 (7) 3 : 0.648 0.352
121 114561 (0) 3 : 0.192 0.808
122 114562 (0) 3 : 0.537 0.463
123 114563 (0) 3 : 0.128 0.872
124 114941 (0) 4 : 0.711 0.289
125 114942 (0) 4 : 0.158 0.842
126 114943 (0) 4 : 0.697 0.303
127 114944 (0) 4 : 0.671 0.329
128 114958 (0) 4 : 0.265 0.735
129 114961 (0) 4 : 0.097 0.903
130 114962 (0) 4 : 0.31 0.69
131 116858 (0) 1 : 0.932 0.068
132 116866 (0) 1 : 0.904 0.096
133 116867 (0) 1 : 0.937 0.063
134 116868 (7) 1 : 0.918 0.082
135 116869 (7) 1 : 0.96 0.04
136 116881 (0) 1 : 0.836 0.164
137 123357 (7) 4 : 0.59 0.41
138 123358 (0) 4 : 0.232 0.768
139 123359 (0) 4 : 0.5 0.5
140 123364 (0) 4 : 0.364 0.636
141 123365 (7) 4 : 0.488 0.512
142 123366 (0) 4 : 0.316 0.684
143 123372 (0) 4 : 0.775 0.225
144 123373 (0) 4 : 0.86 0.14
145 123374 (0) 4 : 0.148 0.852
146 123376 (14) 3 : 0.306 0.694
147 123377 (0) 4 : 0.55 0.45
148 123380 (0) 4 : 0.77 0.23
149 133152 (0) 3 : 0.573 0.427
150 133153 (0) 3 : 0.87 0.13
151 133157 (0) 3 : 0.356 0.644
152 133158 (0) 3 : 0.327 0.673
153 133159 (0) 3 : 0.223 0.777
154 133162 (0) 3 : 0.286 0.714
155 133163 (0) 3 : 0.786 0.214
156 133164 (0) 3 : 0.728 0.272
157 133165 (0) 3 : 0.293 0.707
158 133166 (0) 3 : 0.673 0.327
159 133167 (0) 3 : 0.271 0.729
160 133181 (0) 3 : 0.125 0.875
161 133182 (0) 3 : 0.526 0.474
162 133183 (0) 3 : 0.173 0.827
163 133184 (0) 3 : 0.302 0.698
164 133185 (0) 3 : 0.34 0.66
165 133186 (0) 3 : 0.193 0.807
166 133193 (0) 3 : 0.302 0.698
1 2623 (0) 6 : 0.245 0.755
2 5562 (7) 6 : 0.124 0.876
3 9538 (0) 7 : 0.127 0.873
4 9539 (0) 7 : 0.276 0.724
5 9541 (0) 7 : 0.057 0.943
6 13843 (0) 2 : 0.065 0.935
7 34024 (0) 3 : 0.878 0.122
8 45948 (0) 3 : 0.944 0.056
9 51018 (0) 3 : 0.779 0.221
10 51021 (0) 3 : 0.463 0.537
11 51022 (0) 3 : 0.722 0.278
12 51039 (0) 3 : 0.761 0.239
13 51040 (0) 3 : 0.299 0.701
14 51041 (0) 3 : 0.865 0.135
15 51066 (0) 3 : 0.657 0.343
16 51067 (0) 3 : 0.213 0.787
17 51068 (0) 3 : 0.643 0.357
18 51069 (7) 3 : 0.799 0.201
19 51070 (0) 3 : 0.249 0.751
20 51071 (0) 3 : 0.799 0.201
21 51072 (0) 3 : 0.496 0.504
22 51073 (0) 3 : 0.895 0.105
23 51074 (0) 3 : 0.421 0.579
24 51075 (0) 3 : 0.91 0.09
25 51076 (0) 3 : 0.663 0.337
26 51077 (0) 3 : 0.692 0.308
27 51087 (0) 3 : 0.785 0.215
28 51092 (0) 3 : 0.716 0.284
29 53753 (0) 5 : 0.378 0.622
30 53946 (0) 3 : 0.622 0.378
31 53952 (0) 3 : 0.272 0.728
32 55189 (0) 3 : 0.129 0.871
33 55190 (0) 3 : 0.384 0.616
34 55202 (0) 3 : 0.732 0.268
35 55203 (0) 3 : 0.562 0.438
36 55204 (0) 3 : 0.602 0.398
37 55205 (0) 3 : 0.233 0.767
38 55249 (0) 3 : 0.759 0.241
39 55250 (0) 3 : 0.769 0.231
40 55252 (0) 3 : 0.898 0.102
41 55253 (0) 3 : 0.485 0.515
42 61428 (0) 3 : 0.908 0.092
43 61429 (0) 3 : 0.794 0.206
44 61430 (0) 3 : 0.519 0.481
45 61442 (0) 3 : 0.846 0.154
46 61443 (7) 3 : 0.501 0.499
47 67596 (14) 5 : 0.573 0.427
48 71009 (0) 3 : 0.269 0.731
49 71010 (0) 3 : 0.944 0.056
50 71011 (0) 3 : 0.545 0.455
51 71012 (0) 3 : 0.92 0.08
52 71013 (0) 3 : 0.786 0.214
53 71019 (0) 3 : 0.678 0.322
54 75651 (0) 3 : 0.237 0.763
55 75652 (0) 3 : 0.331 0.669
56 75653 (0) 3 : 0.595 0.405
57 75667 (0) 3 : 0.812 0.188
58 78742 (0) 3 : 0.942 0.058
59 78758 (0) 3 : 0.938 0.062
60 78826 (0) 3 : 0.55 0.45
61 78827 (0) 3 : 0.536 0.464
62 79982 (0) 3 : 0.766 0.234
63 79998 (0) 3 : 0.739 0.261
64 88612 (0) 3 : 0.781 0.219
65 92252 (0) 3 : 0.262 0.738
66 92257 (0) 3 : 0.19 0.81
67 92259 (0) 3 : 0.925 0.075
68 102380 (7) 4 : 0.662 0.338
69 102381 (0) 4 : 0.601 0.399
70 102382 (0) 4 : 0.326 0.674
71 102383 (0) 4 : 0.389 0.611
72 102384 (7) 4 : 0.455 0.545
73 102385 (0) 4 : 0.132 0.868
74 102386 (0) 4 : 0.516 0.484
75 102387 (7) 4 : 0.819 0.181
76 102388 (0) 4 : 0.833 0.167
77 102389 (0) 4 : 0.835 0.165
78 102390 (7) 4 : 0.41 0.59
79 102391 (0) 4 : 0.827 0.173
80 102392 (0) 4 : 0.588 0.412
81 102394 (0) 4 : 0.692 0.308
82 102395 (0) 4 : 0.614 0.386
83 102396 (7) 4 : 0.809 0.191
84 102397 (0) 4 : 0.204 0.796
85 102398 (0) 4 : 0.538 0.462
86 102399 (7) 4 : 0.809 0.191
87 102400 (0) 4 : 0.903 0.097
88 102401 (0) 4 : 0.456 0.544
89 102402 (0) 4 : 0.437 0.563
90 102403 (0) 4 : 0.804 0.196
91 102404 (0) 4 : 0.734 0.266
92 102405 (0) 4 : 0.117 0.883
93 102406 (0) 4 : 0.37 0.63
94 102422 (0) 4 : 0.238 0.762
95 102423 (0) 4 : 0.786 0.214
96 102424 (0) 4 : 0.583 0.417
97 102425 (0) 4 : 0.809 0.191
98 102427 (0) 4 : 0.864 0.136
99 102428 (0) 4 : 0.83 0.17
100 102429 (0) 4 : 0.836 0.164
101 102482 (7) 3 : 0.825 0.175
102 103984 (0) 3 : 0.414 0.586
103 103985 (0) 3 : 0.818 0.182
104 103986 (0) 3 : 0.247 0.753
105 104021 (0) 3 : 0.605 0.395
106 104022 (0) 3 : 0.63 0.37
107 104035 (0) 1 : 0.066 0.934
108 104066 (0) 1 : 0.034 0.966
109 104067 (0) 1 : 0.046 0.954
110 104070 (0) 1 : 0.078 0.922
111 107857 (0) 3 : 0.909 0.091
112 107859 (7) 3 : 0.847 0.153
113 108172 (0) 1 : 0.048 0.952
114 108183 (0) 1 : 0.541 0.459
115 108207 (0) 1 : 0.031 0.969
116 108208 (0) 1 : 0.067 0.933
117 113578 (0) 3 : 0.928 0.072
118 113652 (0) 3 : 0.543 0.457
119 114559 (7) 3 : 0.253 0.747
120 114560 (7) 3 : 0.378 0.622
121 114561 (0) 3 : 0.806 0.194
122 114562 (0) 3 : 0.439 0.561
123 114563 (0) 3 : 0.877 0.123
124 114941 (0) 4 : 0.287 0.713
125 114942 (0) 4 : 0.838 0.162
126 114943 (0) 4 : 0.31 0.69
127 114944 (0) 4 : 0.325 0.675
128 114958 (0) 4 : 0.75 0.25
129 114961 (0) 4 : 0.906 0.094
130 114962 (0) 4 : 0.704 0.296
131 116858 (0) 1 : 0.066 0.934
132 116866 (0) 1 : 0.094 0.906
133 116867 (0) 1 : 0.06 0.94
134 116868 (7) 1 : 0.08 0.92
135 116869 (7) 1 : 0.038 0.962
136 116881 (0) 1 : 0.155 0.845
137 123357 (7) 4 : 0.407 0.593
138 123358 (0) 4 : 0.761 0.239
139 123359 (0) 4 : 0.464 0.536
140 123364 (0) 4 : 0.616 0.384
141 123365 (7) 4 : 0.513 0.487
142 123366 (0) 4 : 0.677 0.323
143 123372 (0) 4 : 0.214 0.786
144 123373 (0) 4 : 0.138 0.862
145 123374 (0) 4 : 0.863 0.137
146 123376 (14) 3 : 0.696 0.304
147 123377 (0) 4 : 0.458 0.542
148 123380 (0) 4 : 0.238 0.762
149 133152 (0) 3 : 0.417 0.583
150 133153 (0) 3 : 0.129 0.871
151 133157 (0) 3 : 0.653 0.347
152 133158 (0) 3 : 0.669 0.331
153 133159 (0) 3 : 0.786 0.214
154 133162 (0) 3 : 0.704 0.296
155 133163 (0) 3 : 0.219 0.781
156 133164 (0) 3 : 0.267 0.733
157 133165 (0) 3 : 0.703 0.297
158 133166 (0) 3 : 0.329 0.671
159 133167 (0) 3 : 0.712 0.288
160 133181 (0) 3 : 0.872 0.128
161 133182 (0) 3 : 0.47 0.53
162 133183 (0) 3 : 0.826 0.174
163 133184 (0) 3 : 0.703 0.297
164 133185 (0) 3 : 0.66 0.34
165 133186 (0) 3 : 0.811 0.189
166 133193 (0) 3 : 0.695 0.305
1 2623 (0) 6 : 0.745 0.255
2 5562 (7) 6 : 0.868 0.132
3 9538 (0) 7 : 0.866 0.134
4 9539 (0) 7 : 0.727 0.273
5 9541 (0) 7 : 0.935 0.065
6 13843 (0) 2 : 0.93 0.07
7 34024 (0) 3 : 0.134 0.866
8 45948 (0) 3 : 0.059 0.941
9 51018 (0) 3 : 0.235 0.765
10 51021 (0) 3 : 0.542 0.458
11 51022 (0) 3 : 0.28 0.72
12 51039 (0) 3 : 0.245 0.755
13 51040 (0) 3 : 0.702 0.298
14 51041 (0) 3 : 0.144 0.856
15 51066 (0) 3 : 0.341 0.659
16 51067 (0) 3 : 0.78 0.22
17 51068 (0) 3 : 0.347 0.653
18 51069 (7) 3 : 0.213 0.787
19 51070 (0) 3 : 0.735 0.265
20 51071 (0) 3 : 0.201 0.799
21 51072 (0) 3 : 0.497 0.503
22 51073 (0) 3 : 0.115 0.885
23 51074 (0) 3 : 0.577 0.423
24 51075 (0) 3 : 0.097 0.903
25 51076 (0) 3 : 0.339 0.661
26 51077 (0) 3 : 0.309 0.691
27 51087 (0) 3 : 0.224 0.776
28 51092 (0) 3 : 0.286 0.714
29 53753 (0) 5 : 0.619 0.381
30 53946 (0) 3 : 0.38 0.62
31 53952 (0) 3 : 0.706 0.294
32 55189 (0) 3 : 0.864 0.136
33 55190 (0) 3 : 0.623 0.377
34 55202 (0) 3 : 0.275 0.725
35 55203 (0) 3 : 0.443 0.557
36 55204 (0) 3 : 0.402 0.598
37 55205 (0) 3 : 0.751 0.249
38 55249 (0) 3 : 0.244 0.756
39 55250 (0) 3 : 0.233 0.767
40 55252 (0) 3 : 0.111 0.889
41 55253 (0) 3 : 0.506 0.494
42 61428 (0) 3 : 0.101 0.899
43 61429 (0) 3 : 0.209 0.791
44 61430 (0) 3 : 0.478 0.522
45 61442 (0) 3 : 0.158 0.842
46 61443 (7) 3 : 0.493 0.507
47 67596 (14) 5 : 0.431 0.569
48 71009 (0) 3 : 0.721 0.279
49 71010 (0) 3 : 0.059 0.941
50 71011 (0) 3 : 0.445 0.555
51 71012 (0) 3 : 0.084 0.916
52 71013 (0) 3 : 0.217 0.783
53 71019 (0) 3 : 0.325 0.675
54 75651 (0) 3 : 0.747 0.253
55 75652 (0) 3 : 0.646 0.354
56 75653 (0) 3 : 0.402 0.598
57 75667 (0) 3 : 0.199 0.801
58 78742 (0) 3 : 0.061 0.939
59 78758 (0) 3 : 0.067 0.933
60 78826 (0) 3 : 0.45 0.55
61 78827 (0) 3 : 0.459 0.541
62 79982 (0) 3 : 0.239 0.761
63 79998 (0) 3 : 0.265 0.735
64 88612 (0) 3 : 0.224 0.776
65 92252 (0) 3 : 0.73 0.27
66 92257 (0) 3 : 0.801 0.199
67 92259 (0) 3 : 0.079 0.921
68 102380 (7) 4 : 0.356 0.644
69 102381 (0) 4 : 0.406 0.594
70 102382 (0) 4 : 0.668 0.332
71 102383 (0) 4 : 0.6 0.4
72 102384 (7) 4 : 0.535 0.465
73 102385 (0) 4 : 0.863 0.137
74 102386 (0) 4 : 0.475 0.525
75 102387 (7) 4 : 0.202 0.798
76 102388 (0) 4 : 0.17 0.83
77 102389 (0) 4 : 0.17 0.83
78 102390 (7) 4 : 0.589 0.411
79 102391 (0) 4 : 0.186 0.814
80 102392 (0) 4 : 0.412 0.588
81 102394 (0) 4 : 0.328 0.672
82 102395 (0) 4 : 0.387 0.613
83 102396 (7) 4 : 0.192 0.808
84 102397 (0) 4 : 0.788 0.212
85 102398 (0) 4 : 0.463 0.537
86 102399 (7) 4 : 0.207 0.793
87 102400 (0) 4 : 0.11 0.89
88 102401 (0) 4 : 0.539 0.461
89 102402 (0) 4 : 0.555 0.445
90 102403 (0) 4 : 0.218 0.782
91 102404 (0) 4 : 0.275 0.725
92 102405 (0) 4 : 0.88 0.12
93 102406 (0) 4 : 0.634 0.366
94 102422 (0) 4 : 0.754 0.246
95 102423 (0) 4 : 0.215 0.785
96 102424 (0) 4 : 0.427 0.573
97 102425 (0) 4 : 0.201 0.799
98 102427 (0) 4 : 0.143 0.857
99 102428 (0) 4 : 0.185 0.815
100 102429 (0) 4 : 0.17 0.83
101 102482 (7) 3 : 0.19 0.81
102 103984 (0) 3 : 0.572 0.428
103 103985 (0) 3 : 0.19 0.81
104 103986 (0) 3 : 0.739 0.261
105 104021 (0) 3 : 0.393 0.607
106 104022 (0) 3 : 0.369 0.631
107 104035 (0) 1 : 0.927 0.073
108 104066 (0) 1 : 0.961 0.039
109 104067 (0) 1 : 0.949 0.051
110 104070 (0) 1 : 0.914 0.086
111 107857 (0) 3 : 0.093 0.907
112 107859 (7) 3 : 0.154 0.846
113 108172 (0) 1 : 0.946 0.054
114 108183 (0) 1 : 0.461 0.539
115 108207 (0) 1 : 0.965 0.035
116 108208 (0) 1 : 0.925 0.075
117 113578 (0) 3 : 0.074 0.926
118 113652 (0) 3 : 0.443 0.557
119 114559 (7) 3 : 0.734 0.266
120 114560 (7) 3 : 0.63 0.37
121 114561 (0) 3 : 0.196 0.804
122 114562 (0) 3 : 0.545 0.455
123 114563 (0) 3 : 0.134 0.866
124 114941 (0) 4 : 0.708 0.292
125 114942 (0) 4 : 0.162 0.838
126 114943 (0) 4 : 0.687 0.313
127 114944 (0) 4 : 0.67 0.33
128 114958 (0) 4 : 0.258 0.742
129 114961 (0) 4 : 0.1 0.9
130 114962 (0) 4 : 0.307 0.693
131 116858 (0) 1 : 0.929 0.071
132 116866 (0) 1 : 0.896 0.104
133 116867 (0) 1 : 0.932 0.068
134 116868 (7) 1 : 0.912 0.088
135 116869 (7) 1 : 0.957 0.043
136 116881 (0) 1 : 0.833 0.167
137 123357 (7) 4 : 0.591 0.409
138 123358 (0) 4 : 0.247 0.753
139 123359 (0) 4 : 0.519 0.481
140 123364 (0) 4 : 0.382 0.618
141 123365 (7) 4 : 0.488 0.512
142 123366 (0) 4 : 0.323 0.677
143 123372 (0) 4 : 0.777 0.223
144 123373 (0) 4 : 0.856 0.144
145 123374 (0) 4 : 0.149 0.851
146 123376 (14) 3 : 0.314 0.686
147 123377 (0) 4 : 0.537 0.463
148 123380 (0) 4 : 0.756 0.244
149 133152 (0) 3 : 0.585 0.415
150 133153 (0) 3 : 0.867 0.133
151 133157 (0) 3 : 0.358 0.642
152 133158 (0) 3 : 0.336 0.664
153 133159 (0) 3 : 0.224 0.776
154 133162 (0) 3 : 0.302 0.698
155 133163 (0) 3 : 0.774 0.226
156 133164 (0) 3 : 0.72 0.28
157 133165 (0) 3 : 0.298 0.702
158 133166 (0) 3 : 0.666 0.334
159 133167 (0) 3 : 0.286 0.714
160 133181 (0) 3 : 0.134 0.866
161 133182 (0) 3 : 0.512 0.488
162 133183 (0) 3 : 0.181 0.819
163 133184 (0) 3 : 0.306 0.694
164 133185 (0) 3 : 0.352 0.648
165 133186 (0) 3 : 0.199 0.801
166 133193 (0) 3 : 0.31 0.69
1 2623 (0) 6 : 0.758 0.242
2 5562 (7) 6 : 0.873 0.127
3 9538 (0) 7 : 0.874 0.126
4 9539 (0) 7 : 0.73 0.27
5 9541 (0) 7 : 0.941 0.059
6 13843 (0) 2 : 0.936 0.064
7 34024 (0) 3 : 0.123 0.877
8 45948 (0) 3 : 0.054 0.946
9 51018 (0) 3 : 0.222 0.778
10 51021 (0) 3 : 0.534 0.466
11 51022 (0) 3 : 0.277 0.723
12 51039 (0) 3 : 0.242 0.758
13 51040 (0) 3 : 0.695 0.305
14 51041 (0) 3 : 0.137 0.863
15 51066 (0) 3 : 0.34 0.66
16 51067 (0) 3 : 0.786 0.214
17 51068 (0) 3 : 0.347 0.653
18 51069 (7) 3 : 0.2 0.8
19 51070 (0) 3 : 0.748 0.252
20 51071 (0) 3 : 0.196 0.804
21 51072 (0) 3 : 0.489 0.511
22 51073 (0) 3 : 0.105 0.895
23 51074 (0) 3 : 0.587 0.413
24 51075 (0) 3 : 0.09 0.91
25 51076 (0) 3 : 0.328 0.672
26 51077 (0) 3 : 0.306 0.694
27 51087 (0) 3 : 0.214 0.786
28 51092 (0) 3 : 0.279 0.721
29 53753 (0) 5 : 0.619 0.381
30 53946 (0) 3 : 0.376 0.624
31 53952 (0) 3 : 0.721 0.279
32 55189 (0) 3 : 0.868 0.132
33 55190 (0) 3 : 0.622 0.378
34 55202 (0) 3 : 0.272 0.728
35 55203 (0) 3 : 0.436 0.564
36 55204 (0) 3 : 0.41 0.59
37 55205 (0) 3 : 0.764 0.236
38 55249 (0) 3 : 0.238 0.762
39 55250 (0) 3 : 0.231 0.769
40 55252 (0) 3 : 0.108 0.892
41 55253 (0) 3 : 0.509 0.491
42 61428 (0) 3 : 0.095 0.905
43 61429 (0) 3 : 0.204 0.796
44 61430 (0) 3 : 0.48 0.52
45 61442 (0) 3 : 0.157 0.843
46 61443 (7) 3 : 0.497 0.503
47 67596 (14) 5 : 0.423 0.577
48 71009 (0) 3 : 0.729 0.271
49 71010 (0) 3 : 0.055 0.945
50 71011 (0) 3 : 0.457 0.543
51 71012 (0) 3 : 0.08 0.92
52 71013 (0) 3 : 0.224 0.776
53 71019 (0) 3 : 0.324 0.676
54 75651 (0) 3 : 0.757 0.243
55 75652 (0) 3 : 0.659 0.341
56 75653 (0) 3 : 0.4 0.6
57 75667 (0) 3 : 0.188 0.812
58 78742 (0) 3 : 0.057 0.943
59 78758 (0) 3 : 0.062 0.938
60 78826 (0) 3 : 0.444 0.556
61 78827 (0) 3 : 0.455 0.545
62 79982 (0) 3 : 0.234 0.766
63 79998 (0) 3 : 0.262 0.738
64 88612 (0) 3 : 0.223 0.777
65 92252 (0) 3 : 0.741 0.259
66 92257 (0) 3 : 0.811 0.189
67 92259 (0) 3 : 0.074 0.926
68 102380 (7) 4 : 0.347 0.653
69 102381 (0) 4 : 0.399 0.601
70 102382 (0) 4 : 0.67 0.33
71 102383 (0) 4 : 0.599 0.401
72 102384 (7) 4 : 0.544 0.456
73 102385 (0) 4 : 0.865 0.135
74 102386 (0) 4 : 0.48 0.52
75 102387 (7) 4 : 0.19 0.81
76 102388 (0) 4 : 0.164 0.836
77 102389 (0) 4 : 0.164 0.836
78 102390 (7) 4 : 0.594 0.406
79 102391 (0) 4 : 0.173 0.827
80 102392 (0) 4 : 0.407 0.593
81 102394 (0) 4 : 0.32 0.68
82 102395 (0) 4 : 0.38 0.62
83 102396 (7) 4 : 0.194 0.806
84 102397 (0) 4 : 0.798 0.202
85 102398 (0) 4 : 0.472 0.528
86 102399 (7) 4 : 0.196 0.804
87 102400 (0) 4 : 0.101 0.899
88 102401 (0) 4 : 0.54 0.46
89 102402 (0) 4 : 0.559 0.441
90 102403 (0) 4 : 0.202 0.798
91 102404 (0) 4 : 0.274 0.726
92 102405 (0) 4 : 0.88 0.12
93 102406 (0) 4 : 0.644 0.356
94 102422 (0) 4 : 0.761 0.239
95 102423 (0) 4 : 0.209 0.791
96 102424 (0) 4 : 0.429 0.571
97 102425 (0) 4 : 0.194 0.806
98 102427 (0) 4 : 0.135 0.865
99 102428 (0) 4 : 0.171 0.829
100 102429 (0) 4 : 0.161 0.839
101 102482 (7) 3 : 0.179 0.821
102 103984 (0) 3 : 0.581 0.419
103 103985 (0) 3 : 0.18 0.82
104 103986 (0) 3 : 0.748 0.252
105 104021 (0) 3 : 0.39 0.61
106 104022 (0) 3 : 0.359 0.641
107 104035 (0) 1 : 0.931 0.069
108 104066 (0) 1 : 0.965 0.035
109 104067 (0) 1 : 0.953 0.047
110 104070 (0) 1 : 0.919 0.081
111 107857 (0) 3 : 0.09 0.91
112 107859 (7) 3 : 0.154 0.846
113 108172 (0) 1 : 0.951 0.049
114 108183 (0) 1 : 0.458 0.542
115 108207 (0) 1 : 0.968 0.032
116 108208 (0) 1 : 0.93 0.07
117 113578 (0) 3 : 0.07 0.93
118 113652 (0) 3 : 0.456 0.544
119 114559 (7) 3 : 0.742 0.258
120 114560 (7) 3 : 0.638 0.362
121 114561 (0) 3 : 0.194 0.806
122 114562 (0) 3 : 0.552 0.448
123 114563 (0) 3 : 0.122 0.878
124 114941 (0) 4 : 0.712 0.288
125 114942 (0) 4 : 0.158 0.842
126 114943 (0) 4 : 0.695 0.305
127 114944 (0) 4 : 0.672 0.328
128 114958 (0) 4 : 0.26 0.74
129 114961 (0) 4 : 0.096 0.904
130 114962 (0) 4 : 0.298 0.702
131 116858 (0) 1 : 0.934 0.066
132 116866 (0) 1 : 0.903 0.097
133 116867 (0) 1 : 0.939 0.061
134 116868 (7) 1 : 0.919 0.081
135 116869 (7) 1 : 0.961 0.039
136 116881 (0) 1 : 0.84 0.16
137 123357 (7) 4 : 0.592 0.408
138 123358 (0) 4 : 0.234 0.766
139 123359 (0) 4 : 0.524 0.476
140 123364 (0) 4 : 0.371 0.629
141 123365 (7) 4 : 0.487 0.513
142 123366 (0) 4 : 0.328 0.672
143 123372 (0) 4 : 0.78 0.22
144 123373 (0) 4 : 0.86 0.14
145 123374 (0) 4 : 0.146 0.854
146 123376 (14) 3 : 0.309 0.691
147 123377 (0) 4 : 0.556 0.444
148 123380 (0) 4 : 0.765 0.235
149 133152 (0) 3 : 0.576 0.424
150 133153 (0) 3 : 0.875 0.125
151 133157 (0) 3 : 0.352 0.648
152 133158 (0) 3 : 0.332 0.668
153 133159 (0) 3 : 0.223 0.777
154 133162 (0) 3 : 0.288 0.712
155 133163 (0) 3 : 0.785 0.215
156 133164 (0) 3 : 0.732 0.268
157 133165 (0) 3 : 0.297 0.703
158 133166 (0) 3 : 0.676 0.324
159 133167 (0) 3 : 0.278 0.722
160 133181 (0) 3 : 0.125 0.875
161 133182 (0) 3 : 0.534 0.466
162 133183 (0) 3 : 0.168 0.832
163 133184 (0) 3 : 0.301 0.699
164 133185 (0) 3 : 0.343 0.657
165 133186 (0) 3 : 0.195 0.805
166 133193 (0) 3 : 0.305 0.695
